Steps: 1000	Loss: 35894.42969	PPL: 9.01851	bleu: 37.25077	LR: 0.00100000	*
Steps: 2000	Loss: 11028.53906	PPL: 1.96546	bleu: 78.95899	LR: 0.00100000	*
Steps: 3000	Loss: 6404.21045	PPL: 1.48052	bleu: 88.84963	LR: 0.00100000	*
