Steps: 1000	Loss: 495.86340	PPL: 1.72444	bleu: 70.43981	LR: 0.00100000	*
Steps: 2000	Loss: 276.88589	PPL: 1.35564	bleu: 86.47411	LR: 0.00100000	*
